0.000000  6371.000000  1.500000  0.000000  1.000000
1.000000  6370.000000  1.500000  0.000000  1.000000
2.000000  6369.000000  1.500000  0.000000  1.000000
3.000000  6368.000000  1.500000  0.000000  1.000000
4.000000  6367.000000  1.500000  0.000000  1.000000
4.000000  6367.000000  5.800000  3.360000  2.720000
5.000000  6366.000000  6.500000  3.500000  2.800000
6.000000  6365.000000  6.500000  3.500000  2.800000
7.000000  6364.000000  6.500000  3.500000  2.800000
8.000000  6363.000000  6.500000  3.500000  2.800000
9.000000  6362.000000  6.500000  3.500000  2.800000
10.000000  6361.000000  6.500000  3.500000  2.800000
10.000000  6361.000000  8.200000  4.700000  3.320000
11.000000  6360.000000  8.200000  4.700000  3.320000
12.000000  6359.000000  8.200000  4.700000  3.320000
13.000000  6358.000000  8.200000  4.700000  3.320000
14.000000  6357.000000  8.200000  4.700000  3.320000
15.000000  6356.000000  8.200000  4.700000  3.320000
16.000000  6355.000000  8.200000  4.700000  3.320000
17.000000  6354.000000  8.200000  4.700000  3.320000
18.000000  6353.000000  8.200000  4.700000  3.320000
19.000000  6352.000000  8.200000  4.700000  3.320000
20.000000  6351.000000  8.200000  4.700000  3.320000
21.000000  6350.000000  8.200000  4.700000  3.320000
22.000000  6349.000000  8.200000  4.700000  3.320000
23.000000  6348.000000  8.200000  4.700000  3.320000
24.000000  6347.000000  8.200000  4.700000  3.320000
25.000000  6346.000000  8.200000  4.700000  3.320000
26.000000  6345.000000  8.200000  4.700000  3.320000
27.000000  6344.000000  8.200000  4.700000  3.320000
28.000000  6343.000000  8.200000  4.700000  3.320000
29.000000  6342.000000  8.200000  4.700000  3.320000
30.000000  6341.000000  8.200000  4.700000  3.320000
31.000000  6340.000000  8.200000  4.700000  3.320000
32.000000  6339.000000  8.200000  4.700000  3.320000
33.000000  6338.000000  8.200000  4.700000  3.320000
34.000000  6337.000000  8.200000  4.700000  3.320000
35.000000  6336.000000  8.200000  4.700000  3.320000
36.000000  6335.000000  8.200000  4.700000  3.320000
37.000000  6334.000000  8.200000  4.700000  3.320000
38.000000  6333.000000  8.200000  4.700000  3.320000
39.000000  6332.000000  8.200000  4.700000  3.320000
40.000000  6331.000000  8.200000  4.700000  3.320000
41.000000  6330.000000  8.200000  4.700000  3.320000
42.000000  6329.000000  8.200000  4.700000  3.320000
43.000000  6328.000000  8.200000  4.700000  3.320000
44.000000  6327.000000  8.200000  4.700000  3.320000
45.000000  6326.000000  8.200000  4.700000  3.320000
46.000000  6325.000000  8.200000  4.700000  3.320000
47.000000  6324.000000  8.200000  4.700000  3.320000
48.000000  6323.000000  8.200000  4.700000  3.320000
49.000000  6322.000000  8.200000  4.700000  3.320000
50.000000  6321.000000  8.200000  4.700000  3.320000
51.000000  6320.000000  8.200000  4.700000  3.320000
52.000000  6319.000000  8.200000  4.700000  3.320000
53.000000  6318.000000  8.200000  4.700000  3.320000
54.000000  6317.000000  8.200000  4.700000  3.320000
55.000000  6316.000000  8.200000  4.700000  3.320000
56.000000  6315.000000  8.200000  4.700000  3.320000
57.000000  6314.000000  8.200000  4.700000  3.320000
58.000000  6313.000000  8.200000  4.700000  3.320000
59.000000  6312.000000  8.200000  4.700000  3.320000
60.000000  6311.000000  8.200000  4.700000  3.320000
61.000000  6310.000000  8.200000  4.700000  3.320000
62.000000  6309.000000  8.200000  4.700000  3.320000
63.000000  6308.000000  8.200000  4.700000  3.320000
64.000000  6307.000000  8.200000  4.700000  3.320000
65.000000  6306.000000  8.200000  4.700000  3.320000
66.000000  6305.000000  8.200000  4.700000  3.320000
67.000000  6304.000000  8.200000  4.700000  3.320000
68.000000  6303.000000  8.200000  4.700000  3.320000
69.000000  6302.000000  8.200000  4.700000  3.320000
70.000000  6301.000000  8.200000  4.700000  3.320000
71.000000  6300.000000  8.200000  4.700000  3.320000
72.000000  6299.000000  8.200000  4.700000  3.320000
73.000000  6298.000000  8.200000  4.700000  3.320000
74.000000  6297.000000  8.200000  4.700000  3.320000
75.000000  6296.000000  8.200000  4.700000  3.320000
76.000000  6295.000000  8.200000  4.700000  3.320000
77.000000  6294.000000  8.200000  4.700000  3.320000
78.000000  6293.000000  8.200000  4.700000  3.320000
79.000000  6292.000000  8.200000  4.700000  3.320000
80.000000  6291.000000  8.200000  4.700000  3.320000
81.000000  6290.000000  8.200000  4.700000  3.320000
82.000000  6289.000000  8.200000  4.700000  3.320000
83.000000  6288.000000  8.200000  4.700000  3.320000
84.000000  6287.000000  8.200000  4.700000  3.320000
85.000000  6286.000000  8.200000  4.700000  3.320000
86.000000  6285.000000  8.200000  4.700000  3.320000
87.000000  6284.000000  8.200000  4.700000  3.320000
88.000000  6283.000000  8.200000  4.700000  3.320000
89.000000  6282.000000  8.200000  4.700000  3.320000
90.000000  6281.000000  8.200000  4.700000  3.320000
91.000000  6280.000000  8.200000  4.700000  3.320000
92.000000  6279.000000  8.200000  4.700000  3.320000
93.000000  6278.000000  8.200000  4.700000  3.320000
94.000000  6277.000000  8.200000  4.700000  3.320000
95.000000  6276.000000  8.200000  4.700000  3.320000
96.000000  6275.000000  8.200000  4.700000  3.320000
97.000000  6274.000000  8.200000  4.700000  3.320000
98.000000  6273.000000  8.200000  4.700000  3.320000
99.000000  6272.000000  8.200000  4.700000  3.320000
100.000000  6271.000000  8.200000  4.700000  3.320000
101.000000  6270.000000  8.200000  4.700000  3.320000
102.000000  6269.000000  8.200000  4.700000  3.320000
103.000000  6268.000000  8.200000  4.700000  3.320000
104.000000  6267.000000  8.200000  4.700000  3.320000
105.000000  6266.000000  8.200000  4.700000  3.320000
106.000000  6265.000000  8.200000  4.700000  3.320000
107.000000  6264.000000  8.200000  4.700000  3.320000
108.000000  6263.000000  8.200000  4.700000  3.320000
109.000000  6262.000000  8.200000  4.700000  3.320000
110.000000  6261.000000  8.200000  4.700000  3.320000
111.000000  6260.000000  8.200000  4.700000  3.320000
112.000000  6259.000000  8.200000  4.700000  3.320000
113.000000  6258.000000  8.200000  4.700000  3.320000
114.000000  6257.000000  8.200000  4.700000  3.320000
115.000000  6256.000000  8.200000  4.700000  3.320000
116.000000  6255.000000  8.200000  4.700000  3.320000
117.000000  6254.000000  8.200000  4.700000  3.320000
118.000000  6253.000000  8.200000  4.700000  3.320000
119.000000  6252.000000  8.200000  4.700000  3.320000
120.000000  6251.000000  8.200000  4.700000  3.320000
121.000000  6250.000000  8.200000  4.700000  3.320000
122.000000  6249.000000  8.200000  4.700000  3.320000
123.000000  6248.000000  8.200000  4.700000  3.320000
124.000000  6247.000000  8.200000  4.700000  3.320000
125.000000  6246.000000  8.200000  4.700000  3.320000
126.000000  6245.000000  8.200000  4.700000  3.320000
127.000000  6244.000000  8.200000  4.700000  3.320000
128.000000  6243.000000  8.200000  4.700000  3.320000
129.000000  6242.000000  8.200000  4.700000  3.320000
130.000000  6241.000000  8.200000  4.700000  3.320000
131.000000  6240.000000  8.200000  4.700000  3.320000
132.000000  6239.000000  8.200000  4.700000  3.320000
133.000000  6238.000000  8.200000  4.700000  3.320000
134.000000  6237.000000  8.200000  4.700000  3.320000
135.000000  6236.000000  8.200000  4.700000  3.320000
136.000000  6235.000000  8.200000  4.700000  3.320000
137.000000  6234.000000  8.200000  4.700000  3.320000
138.000000  6233.000000  8.200000  4.700000  3.320000
139.000000  6232.000000  8.200000  4.700000  3.320000
140.000000  6231.000000  8.200000  4.700000  3.320000
141.000000  6230.000000  8.200000  4.700000  3.320000
142.000000  6229.000000  8.200000  4.700000  3.320000
143.000000  6228.000000  8.200000  4.700000  3.320000
144.000000  6227.000000  8.200000  4.700000  3.320000
145.000000  6226.000000  8.200000  4.700000  3.320000
146.000000  6225.000000  8.200000  4.700000  3.320000
147.000000  6224.000000  8.200000  4.700000  3.320000
148.000000  6223.000000  8.200000  4.700000  3.320000
149.000000  6222.000000  8.200000  4.700000  3.320000
150.000000  6221.000000  8.200000  4.700000  3.320000
151.000000  6220.000000  8.200000  4.700000  3.320000
152.000000  6219.000000  8.200000  4.700000  3.320000
153.000000  6218.000000  8.200000  4.700000  3.320000
154.000000  6217.000000  8.200000  4.700000  3.320000
155.000000  6216.000000  8.200000  4.700000  3.320000
156.000000  6215.000000  8.200000  4.700000  3.320000
157.000000  6214.000000  8.200000  4.700000  3.320000
158.000000  6213.000000  8.200000  4.700000  3.320000
159.000000  6212.000000  8.200000  4.700000  3.320000
160.000000  6211.000000  8.200000  4.700000  3.320000
161.000000  6210.000000  8.200000  4.700000  3.320000
162.000000  6209.000000  8.200000  4.700000  3.320000
163.000000  6208.000000  8.200000  4.700000  3.320000
164.000000  6207.000000  8.200000  4.700000  3.320000
165.000000  6206.000000  8.200000  4.700000  3.320000
166.000000  6205.000000  8.200000  4.700000  3.320000
167.000000  6204.000000  8.200000  4.700000  3.320000
168.000000  6203.000000  8.200000  4.700000  3.320000
169.000000  6202.000000  8.200000  4.700000  3.320000
170.000000  6201.000000  8.200000  4.700000  3.320000
171.000000  6200.000000  8.200000  4.700000  3.320000
172.000000  6199.000000  8.200000  4.700000  3.320000
173.000000  6198.000000  8.200000  4.700000  3.320000
174.000000  6197.000000  8.200000  4.700000  3.320000
175.000000  6196.000000  8.200000  4.700000  3.320000
176.000000  6195.000000  8.200000  4.700000  3.320000
177.000000  6194.000000  8.200000  4.700000  3.320000
178.000000  6193.000000  8.200000  4.700000  3.320000
179.000000  6192.000000  8.200000  4.700000  3.320000
180.000000  6191.000000  8.200000  4.700000  3.320000
181.000000  6190.000000  8.200000  4.700000  3.320000
182.000000  6189.000000  8.200000  4.700000  3.320000
183.000000  6188.000000  8.200000  4.700000  3.320000
184.000000  6187.000000  8.200000  4.700000  3.320000
185.000000  6186.000000  8.200000  4.700000  3.320000
186.000000  6185.000000  8.200000  4.700000  3.320000
187.000000  6184.000000  8.200000  4.700000  3.320000
188.000000  6183.000000  8.200000  4.700000  3.320000
189.000000  6182.000000  8.200000  4.700000  3.320000
190.000000  6181.000000  8.200000  4.700000  3.320000
191.000000  6180.000000  8.200000  4.700000  3.320000
192.000000  6179.000000  8.200000  4.700000  3.320000
193.000000  6178.000000  8.200000  4.700000  3.320000
194.000000  6177.000000  8.200000  4.700000  3.320000
195.000000  6176.000000  8.200000  4.700000  3.320000
196.000000  6175.000000  8.200000  4.700000  3.320000
197.000000  6174.000000  8.200000  4.700000  3.320000
198.000000  6173.000000  8.200000  4.700000  3.320000
199.000000  6172.000000  8.200000  4.700000  3.320000
200.000000  6171.000000  8.200000  4.700000  3.320000
201.000000  6170.000000  8.200000  4.700000  3.320000
202.000000  6169.000000  8.200000  4.700000  3.320000
203.000000  6168.000000  8.200000  4.700000  3.320000
204.000000  6167.000000  8.200000  4.700000  3.320000
205.000000  6166.000000  8.200000  4.700000  3.320000
206.000000  6165.000000  8.200000  4.700000  3.320000
207.000000  6164.000000  8.200000  4.700000  3.320000
208.000000  6163.000000  8.200000  4.700000  3.320000
209.000000  6162.000000  8.200000  4.700000  3.320000
210.000000  6161.000000  8.200000  4.700000  3.320000
211.000000  6160.000000  8.200000  4.700000  3.320000
212.000000  6159.000000  8.200000  4.700000  3.320000
213.000000  6158.000000  8.200000  4.700000  3.320000
214.000000  6157.000000  8.200000  4.700000  3.320000
215.000000  6156.000000  8.200000  4.700000  3.320000
216.000000  6155.000000  8.200000  4.700000  3.320000
217.000000  6154.000000  8.200000  4.700000  3.320000
218.000000  6153.000000  8.200000  4.700000  3.320000
219.000000  6152.000000  8.200000  4.700000  3.320000
220.000000  6151.000000  8.200000  4.700000  3.320000
221.000000  6150.000000  8.200000  4.700000  3.320000
222.000000  6149.000000  8.200000  4.700000  3.320000
223.000000  6148.000000  8.200000  4.700000  3.320000
224.000000  6147.000000  8.200000  4.700000  3.320000
225.000000  6146.000000  8.200000  4.700000  3.320000
226.000000  6145.000000  8.200000  4.700000  3.320000
227.000000  6144.000000  8.200000  4.700000  3.320000
228.000000  6143.000000  8.200000  4.700000  3.320000
229.000000  6142.000000  8.200000  4.700000  3.320000
230.000000  6141.000000  8.200000  4.700000  3.320000
231.000000  6140.000000  8.200000  4.700000  3.320000
232.000000  6139.000000  8.200000  4.700000  3.320000
233.000000  6138.000000  8.200000  4.700000  3.320000
234.000000  6137.000000  8.200000  4.700000  3.320000
235.000000  6136.000000  8.200000  4.700000  3.320000
236.000000  6135.000000  8.200000  4.700000  3.320000
237.000000  6134.000000  8.200000  4.700000  3.320000
238.000000  6133.000000  8.200000  4.700000  3.320000
239.000000  6132.000000  8.200000  4.700000  3.320000
240.000000  6131.000000  8.200000  4.700000  3.320000
241.000000  6130.000000  8.200000  4.700000  3.320000
242.000000  6129.000000  8.200000  4.700000  3.320000
243.000000  6128.000000  8.200000  4.700000  3.320000
244.000000  6127.000000  8.200000  4.700000  3.320000
245.000000  6126.000000  8.200000  4.700000  3.320000
246.000000  6125.000000  8.200000  4.700000  3.320000
247.000000  6124.000000  8.200000  4.700000  3.320000
248.000000  6123.000000  8.200000  4.700000  3.320000
249.000000  6122.000000  8.200000  4.700000  3.320000
250.000000  6121.000000  8.200000  4.700000  3.320000
251.000000  6120.000000  8.200000  4.700000  3.320000
252.000000  6119.000000  8.200000  4.700000  3.320000
253.000000  6118.000000  8.200000  4.700000  3.320000
254.000000  6117.000000  8.200000  4.700000  3.320000
255.000000  6116.000000  8.200000  4.700000  3.320000
256.000000  6115.000000  8.200000  4.700000  3.320000
257.000000  6114.000000  8.200000  4.700000  3.320000
258.000000  6113.000000  8.200000  4.700000  3.320000
259.000000  6112.000000  8.200000  4.700000  3.320000
260.000000  6111.000000  8.200000  4.700000  3.320000
261.000000  6110.000000  8.200000  4.700000  3.320000
262.000000  6109.000000  8.200000  4.700000  3.320000
263.000000  6108.000000  8.200000  4.700000  3.320000
264.000000  6107.000000  8.200000  4.700000  3.320000
265.000000  6106.000000  8.200000  4.700000  3.320000
266.000000  6105.000000  8.200000  4.700000  3.320000
267.000000  6104.000000  8.200000  4.700000  3.320000
268.000000  6103.000000  8.200000  4.700000  3.320000
269.000000  6102.000000  8.200000  4.700000  3.320000
270.000000  6101.000000  8.200000  4.700000  3.320000
271.000000  6100.000000  8.200000  4.700000  3.320000
272.000000  6099.000000  8.200000  4.700000  3.320000
273.000000  6098.000000  8.200000  4.700000  3.320000
274.000000  6097.000000  8.200000  4.700000  3.320000
275.000000  6096.000000  8.200000  4.700000  3.320000
276.000000  6095.000000  8.200000  4.700000  3.320000
277.000000  6094.000000  8.200000  4.700000  3.320000
278.000000  6093.000000  8.200000  4.700000  3.320000
279.000000  6092.000000  8.200000  4.700000  3.320000
280.000000  6091.000000  8.200000  4.700000  3.320000
281.000000  6090.000000  8.200000  4.700000  3.320000
282.000000  6089.000000  8.200000  4.700000  3.320000
283.000000  6088.000000  8.200000  4.700000  3.320000
284.000000  6087.000000  8.200000  4.700000  3.320000
285.000000  6086.000000  8.200000  4.700000  3.320000
286.000000  6085.000000  8.200000  4.700000  3.320000
287.000000  6084.000000  8.200000  4.700000  3.320000
288.000000  6083.000000  8.200000  4.700000  3.320000
289.000000  6082.000000  8.200000  4.700000  3.320000
290.000000  6081.000000  8.200000  4.700000  3.320000
291.000000  6080.000000  8.200000  4.700000  3.320000
292.000000  6079.000000  8.200000  4.700000  3.320000
293.000000  6078.000000  8.200000  4.700000  3.320000
294.000000  6077.000000  8.200000  4.700000  3.320000
295.000000  6076.000000  8.200000  4.700000  3.320000
296.000000  6075.000000  8.200000  4.700000  3.320000
297.000000  6074.000000  8.200000  4.700000  3.320000
298.000000  6073.000000  8.200000  4.700000  3.320000
299.000000  6072.000000  8.200000  4.700000  3.320000
300.000000  6071.000000  8.200000  4.700000  3.320000
301.000000  6070.000000  8.200000  4.700000  3.320000
302.000000  6069.000000  8.200000  4.700000  3.320000
303.000000  6068.000000  8.200000  4.700000  3.320000
304.000000  6067.000000  8.200000  4.700000  3.320000
305.000000  6066.000000  8.200000  4.700000  3.320000
306.000000  6065.000000  8.200000  4.700000  3.320000
307.000000  6064.000000  8.200000  4.700000  3.320000
308.000000  6063.000000  8.200000  4.700000  3.320000
309.000000  6062.000000  8.200000  4.700000  3.320000
310.000000  6061.000000  8.200000  4.700000  3.320000
311.000000  6060.000000  8.200000  4.700000  3.320000
312.000000  6059.000000  8.200000  4.700000  3.320000
313.000000  6058.000000  8.200000  4.700000  3.320000
314.000000  6057.000000  8.200000  4.700000  3.320000
315.000000  6056.000000  8.200000  4.700000  3.320000
316.000000  6055.000000  8.200000  4.700000  3.320000
317.000000  6054.000000  8.200000  4.700000  3.320000
318.000000  6053.000000  8.200000  4.700000  3.320000
319.000000  6052.000000  8.200000  4.700000  3.320000
320.000000  6051.000000  8.200000  4.700000  3.320000
321.000000  6050.000000  8.200000  4.700000  3.320000
322.000000  6049.000000  8.200000  4.700000  3.320000
323.000000  6048.000000  8.200000  4.700000  3.320000
324.000000  6047.000000  8.200000  4.700000  3.320000
325.000000  6046.000000  8.200000  4.700000  3.320000
326.000000  6045.000000  8.200000  4.700000  3.320000
327.000000  6044.000000  8.200000  4.700000  3.320000
328.000000  6043.000000  8.200000  4.700000  3.320000
329.000000  6042.000000  8.200000  4.700000  3.320000
330.000000  6041.000000  8.200000  4.700000  3.320000
331.000000  6040.000000  8.200000  4.700000  3.320000
332.000000  6039.000000  8.200000  4.700000  3.320000
333.000000  6038.000000  8.200000  4.700000  3.320000
334.000000  6037.000000  8.200000  4.700000  3.320000
335.000000  6036.000000  8.200000  4.700000  3.320000
336.000000  6035.000000  8.200000  4.700000  3.320000
337.000000  6034.000000  8.200000  4.700000  3.320000
338.000000  6033.000000  8.200000  4.700000  3.320000
339.000000  6032.000000  8.200000  4.700000  3.320000
340.000000  6031.000000  8.200000  4.700000  3.320000
341.000000  6030.000000  8.200000  4.700000  3.320000
342.000000  6029.000000  8.200000  4.700000  3.320000
343.000000  6028.000000  8.200000  4.700000  3.320000
344.000000  6027.000000  8.200000  4.700000  3.320000
345.000000  6026.000000  8.200000  4.700000  3.320000
346.000000  6025.000000  8.200000  4.700000  3.320000
347.000000  6024.000000  8.200000  4.700000  3.320000
348.000000  6023.000000  8.200000  4.700000  3.320000
349.000000  6022.000000  8.200000  4.700000  3.320000
350.000000  6021.000000  8.200000  4.700000  3.320000
351.000000  6020.000000  8.200000  4.700000  3.320000
352.000000  6019.000000  8.200000  4.700000  3.320000
353.000000  6018.000000  8.200000  4.700000  3.320000
354.000000  6017.000000  8.200000  4.700000  3.320000
355.000000  6016.000000  8.200000  4.700000  3.320000
356.000000  6015.000000  8.200000  4.700000  3.320000
357.000000  6014.000000  8.200000  4.700000  3.320000
358.000000  6013.000000  8.200000  4.700000  3.320000
359.000000  6012.000000  8.200000  4.700000  3.320000
360.000000  6011.000000  8.200000  4.700000  3.320000
361.000000  6010.000000  8.200000  4.700000  3.320000
362.000000  6009.000000  8.200000  4.700000  3.320000
363.000000  6008.000000  8.200000  4.700000  3.320000
364.000000  6007.000000  8.200000  4.700000  3.320000
365.000000  6006.000000  8.200000  4.700000  3.320000
366.000000  6005.000000  8.200000  4.700000  3.320000
367.000000  6004.000000  8.200000  4.700000  3.320000
368.000000  6003.000000  8.200000  4.700000  3.320000
369.000000  6002.000000  8.200000  4.700000  3.320000
370.000000  6001.000000  8.200000  4.700000  3.320000
371.000000  6000.000000  8.200000  4.700000  3.320000
372.000000  5999.000000  8.200000  4.700000  3.320000
373.000000  5998.000000  8.200000  4.700000  3.320000
374.000000  5997.000000  8.200000  4.700000  3.320000
375.000000  5996.000000  8.200000  4.700000  3.320000
376.000000  5995.000000  8.200000  4.700000  3.320000
377.000000  5994.000000  8.200000  4.700000  3.320000
378.000000  5993.000000  8.200000  4.700000  3.320000
379.000000  5992.000000  8.200000  4.700000  3.320000
380.000000  5991.000000  8.200000  4.700000  3.320000
381.000000  5990.000000  8.200000  4.700000  3.320000
382.000000  5989.000000  8.200000  4.700000  3.320000
383.000000  5988.000000  8.200000  4.700000  3.320000
384.000000  5987.000000  8.200000  4.700000  3.320000
385.000000  5986.000000  8.200000  4.700000  3.320000
386.000000  5985.000000  8.200000  4.700000  3.320000
387.000000  5984.000000  8.200000  4.700000  3.320000
388.000000  5983.000000  8.200000  4.700000  3.320000
389.000000  5982.000000  8.200000  4.700000  3.320000
390.000000  5981.000000  8.200000  4.700000  3.320000
391.000000  5980.000000  8.200000  4.700000  3.320000
392.000000  5979.000000  8.200000  4.700000  3.320000
393.000000  5978.000000  8.200000  4.700000  3.320000
394.000000  5977.000000  8.200000  4.700000  3.320000
395.000000  5976.000000  8.200000  4.700000  3.320000
396.000000  5975.000000  8.200000  4.700000  3.320000
397.000000  5974.000000  8.200000  4.700000  3.320000
398.000000  5973.000000  8.200000  4.700000  3.320000
399.000000  5972.000000  8.200000  4.700000  3.320000
400.000000  5971.000000  8.200000  4.700000  3.320000
401.000000  5970.000000  8.200000  4.700000  3.320000
402.000000  5969.000000  8.200000  4.700000  3.320000
403.000000  5968.000000  8.200000  4.700000  3.320000
404.000000  5967.000000  8.200000  4.700000  3.320000
405.000000  5966.000000  8.200000  4.700000  3.320000
406.000000  5965.000000  8.200000  4.700000  3.320000
407.000000  5964.000000  8.200000  4.700000  3.320000
408.000000  5963.000000  8.200000  4.700000  3.320000
409.000000  5962.000000  8.200000  4.700000  3.320000
410.000000  5961.000000  8.200000  4.700000  3.320000
411.000000  5960.000000  8.200000  4.700000  3.320000
412.000000  5959.000000  8.200000  4.700000  3.320000
413.000000  5958.000000  8.200000  4.700000  3.320000
414.000000  5957.000000  8.200000  4.700000  3.320000
415.000000  5956.000000  8.200000  4.700000  3.320000
416.000000  5955.000000  8.200000  4.700000  3.320000
417.000000  5954.000000  8.200000  4.700000  3.320000
418.000000  5953.000000  8.200000  4.700000  3.320000
419.000000  5952.000000  8.200000  4.700000  3.320000
420.000000  5951.000000  8.200000  4.700000  3.320000
421.000000  5950.000000  8.200000  4.700000  3.320000
422.000000  5949.000000  8.200000  4.700000  3.320000
423.000000  5948.000000  8.200000  4.700000  3.320000
424.000000  5947.000000  8.200000  4.700000  3.320000
425.000000  5946.000000  8.200000  4.700000  3.320000
426.000000  5945.000000  8.200000  4.700000  3.320000
427.000000  5944.000000  8.200000  4.700000  3.320000
428.000000  5943.000000  8.200000  4.700000  3.320000
429.000000  5942.000000  8.200000  4.700000  3.320000
430.000000  5941.000000  8.200000  4.700000  3.320000
431.000000  5940.000000  8.200000  4.700000  3.320000
432.000000  5939.000000  8.200000  4.700000  3.320000
433.000000  5938.000000  8.200000  4.700000  3.320000
434.000000  5937.000000  8.200000  4.700000  3.320000
435.000000  5936.000000  8.200000  4.700000  3.320000
436.000000  5935.000000  8.200000  4.700000  3.320000
437.000000  5934.000000  8.200000  4.700000  3.320000
438.000000  5933.000000  8.200000  4.700000  3.320000
439.000000  5932.000000  8.200000  4.700000  3.320000
440.000000  5931.000000  8.200000  4.700000  3.320000
441.000000  5930.000000  8.200000  4.700000  3.320000
442.000000  5929.000000  8.200000  4.700000  3.320000
443.000000  5928.000000  8.200000  4.700000  3.320000
444.000000  5927.000000  8.200000  4.700000  3.320000
445.000000  5926.000000  8.200000  4.700000  3.320000
446.000000  5925.000000  8.200000  4.700000  3.320000
447.000000  5924.000000  8.200000  4.700000  3.320000
448.000000  5923.000000  8.200000  4.700000  3.320000
449.000000  5922.000000  8.200000  4.700000  3.320000
450.000000  5921.000000  8.200000  4.700000  3.320000
451.000000  5920.000000  8.200000  4.700000  3.320000
452.000000  5919.000000  8.200000  4.700000  3.320000
453.000000  5918.000000  8.200000  4.700000  3.320000
454.000000  5917.000000  8.200000  4.700000  3.320000
455.000000  5916.000000  8.200000  4.700000  3.320000
456.000000  5915.000000  8.200000  4.700000  3.320000
457.000000  5914.000000  8.200000  4.700000  3.320000
458.000000  5913.000000  8.200000  4.700000  3.320000
459.000000  5912.000000  8.200000  4.700000  3.320000
460.000000  5911.000000  8.200000  4.700000  3.320000
461.000000  5910.000000  8.200000  4.700000  3.320000
462.000000  5909.000000  8.200000  4.700000  3.320000
463.000000  5908.000000  8.200000  4.700000  3.320000
464.000000  5907.000000  8.200000  4.700000  3.320000
465.000000  5906.000000  8.200000  4.700000  3.320000
466.000000  5905.000000  8.200000  4.700000  3.320000
467.000000  5904.000000  8.200000  4.700000  3.320000
468.000000  5903.000000  8.200000  4.700000  3.320000
469.000000  5902.000000  8.200000  4.700000  3.320000
470.000000  5901.000000  8.200000  4.700000  3.320000
471.000000  5900.000000  8.200000  4.700000  3.320000
472.000000  5899.000000  8.200000  4.700000  3.320000
473.000000  5898.000000  8.200000  4.700000  3.320000
474.000000  5897.000000  8.200000  4.700000  3.320000
475.000000  5896.000000  8.200000  4.700000  3.320000
476.000000  5895.000000  8.200000  4.700000  3.320000
477.000000  5894.000000  8.200000  4.700000  3.320000
478.000000  5893.000000  8.200000  4.700000  3.320000
479.000000  5892.000000  8.200000  4.700000  3.320000
480.000000  5891.000000  8.200000  4.700000  3.320000
481.000000  5890.000000  8.200000  4.700000  3.320000
482.000000  5889.000000  8.200000  4.700000  3.320000
483.000000  5888.000000  8.200000  4.700000  3.320000
484.000000  5887.000000  8.200000  4.700000  3.320000
485.000000  5886.000000  8.200000  4.700000  3.320000
486.000000  5885.000000  8.200000  4.700000  3.320000
487.000000  5884.000000  8.200000  4.700000  3.320000
488.000000  5883.000000  8.200000  4.700000  3.320000
489.000000  5882.000000  8.200000  4.700000  3.320000
490.000000  5881.000000  8.200000  4.700000  3.320000
491.000000  5880.000000  8.200000  4.700000  3.320000
492.000000  5879.000000  8.200000  4.700000  3.320000
493.000000  5878.000000  8.200000  4.700000  3.320000
494.000000  5877.000000  8.200000  4.700000  3.320000
495.000000  5876.000000  8.200000  4.700000  3.320000
496.000000  5875.000000  8.200000  4.700000  3.320000
497.000000  5874.000000  8.200000  4.700000  3.320000
498.000000  5873.000000  8.200000  4.700000  3.320000
499.000000  5872.000000  8.200000  4.700000  3.320000
500.000000  5871.000000  8.200000  4.700000  3.320000
501.000000  5870.000000  8.200000  4.700000  3.320000
502.000000  5869.000000  8.200000  4.700000  3.320000
503.000000  5868.000000  8.200000  4.700000  3.320000
504.000000  5867.000000  8.200000  4.700000  3.320000
505.000000  5866.000000  8.200000  4.700000  3.320000
506.000000  5865.000000  8.200000  4.700000  3.320000
507.000000  5864.000000  8.200000  4.700000  3.320000
508.000000  5863.000000  8.200000  4.700000  3.320000
509.000000  5862.000000  8.200000  4.700000  3.320000
510.000000  5861.000000  8.200000  4.700000  3.320000
511.000000  5860.000000  8.200000  4.700000  3.320000
512.000000  5859.000000  8.200000  4.700000  3.320000
513.000000  5858.000000  8.200000  4.700000  3.320000
514.000000  5857.000000  8.200000  4.700000  3.320000
515.000000  5856.000000  8.200000  4.700000  3.320000
516.000000  5855.000000  8.200000  4.700000  3.320000
517.000000  5854.000000  8.200000  4.700000  3.320000
518.000000  5853.000000  8.200000  4.700000  3.320000
519.000000  5852.000000  8.200000  4.700000  3.320000
520.000000  5851.000000  8.200000  4.700000  3.320000
521.000000  5850.000000  8.200000  4.700000  3.320000
522.000000  5849.000000  8.200000  4.700000  3.320000
523.000000  5848.000000  8.200000  4.700000  3.320000
524.000000  5847.000000  8.200000  4.700000  3.320000
525.000000  5846.000000  8.200000  4.700000  3.320000
526.000000  5845.000000  8.200000  4.700000  3.320000
527.000000  5844.000000  8.200000  4.700000  3.320000
528.000000  5843.000000  8.200000  4.700000  3.320000
529.000000  5842.000000  8.200000  4.700000  3.320000
530.000000  5841.000000  8.200000  4.700000  3.320000
531.000000  5840.000000  8.200000  4.700000  3.320000
532.000000  5839.000000  8.200000  4.700000  3.320000
533.000000  5838.000000  8.200000  4.700000  3.320000
534.000000  5837.000000  8.200000  4.700000  3.320000
535.000000  5836.000000  8.200000  4.700000  3.320000
536.000000  5835.000000  8.200000  4.700000  3.320000
537.000000  5834.000000  8.200000  4.700000  3.320000
538.000000  5833.000000  8.200000  4.700000  3.320000
539.000000  5832.000000  8.200000  4.700000  3.320000
540.000000  5831.000000  8.200000  4.700000  3.320000
541.000000  5830.000000  8.200000  4.700000  3.320000
542.000000  5829.000000  8.200000  4.700000  3.320000
543.000000  5828.000000  8.200000  4.700000  3.320000
544.000000  5827.000000  8.200000  4.700000  3.320000
545.000000  5826.000000  8.200000  4.700000  3.320000
546.000000  5825.000000  8.200000  4.700000  3.320000
547.000000  5824.000000  8.200000  4.700000  3.320000
548.000000  5823.000000  8.200000  4.700000  3.320000
549.000000  5822.000000  8.200000  4.700000  3.320000
550.000000  5821.000000  8.200000  4.700000  3.320000
551.000000  5820.000000  8.200000  4.700000  3.320000
552.000000  5819.000000  8.200000  4.700000  3.320000
553.000000  5818.000000  8.200000  4.700000  3.320000
554.000000  5817.000000  8.200000  4.700000  3.320000
555.000000  5816.000000  8.200000  4.700000  3.320000
556.000000  5815.000000  8.200000  4.700000  3.320000
557.000000  5814.000000  8.200000  4.700000  3.320000
558.000000  5813.000000  8.200000  4.700000  3.320000
559.000000  5812.000000  8.200000  4.700000  3.320000
560.000000  5811.000000  8.200000  4.700000  3.320000
561.000000  5810.000000  8.200000  4.700000  3.320000
562.000000  5809.000000  8.200000  4.700000  3.320000
563.000000  5808.000000  8.200000  4.700000  3.320000
564.000000  5807.000000  8.200000  4.700000  3.320000
565.000000  5806.000000  8.200000  4.700000  3.320000
566.000000  5805.000000  8.200000  4.700000  3.320000
567.000000  5804.000000  8.200000  4.700000  3.320000
568.000000  5803.000000  8.200000  4.700000  3.320000
569.000000  5802.000000  8.200000  4.700000  3.320000
570.000000  5801.000000  8.200000  4.700000  3.320000
571.000000  5800.000000  8.200000  4.700000  3.320000
572.000000  5799.000000  8.200000  4.700000  3.320000
573.000000  5798.000000  8.200000  4.700000  3.320000
574.000000  5797.000000  8.200000  4.700000  3.320000
575.000000  5796.000000  8.200000  4.700000  3.320000
576.000000  5795.000000  8.200000  4.700000  3.320000
577.000000  5794.000000  8.200000  4.700000  3.320000
578.000000  5793.000000  8.200000  4.700000  3.320000
579.000000  5792.000000  8.200000  4.700000  3.320000
580.000000  5791.000000  8.200000  4.700000  3.320000
581.000000  5790.000000  8.200000  4.700000  3.320000
582.000000  5789.000000  8.200000  4.700000  3.320000
583.000000  5788.000000  8.200000  4.700000  3.320000
584.000000  5787.000000  8.200000  4.700000  3.320000
585.000000  5786.000000  8.200000  4.700000  3.320000
586.000000  5785.000000  8.200000  4.700000  3.320000
587.000000  5784.000000  8.200000  4.700000  3.320000
588.000000  5783.000000  8.200000  4.700000  3.320000
589.000000  5782.000000  8.200000  4.700000  3.320000
590.000000  5781.000000  8.200000  4.700000  3.320000
591.000000  5780.000000  8.200000  4.700000  3.320000
592.000000  5779.000000  8.200000  4.700000  3.320000
593.000000  5778.000000  8.200000  4.700000  3.320000
594.000000  5777.000000  8.200000  4.700000  3.320000
595.000000  5776.000000  8.200000  4.700000  3.320000
596.000000  5775.000000  8.200000  4.700000  3.320000
597.000000  5774.000000  8.200000  4.700000  3.320000
598.000000  5773.000000  8.200000  4.700000  3.320000
599.000000  5772.000000  8.200000  4.700000  3.320000
600.000000  5771.000000  8.200000  4.700000  3.320000
601.000000  5770.000000  8.200000  4.700000  3.320000
602.000000  5769.000000  8.200000  4.700000  3.320000
603.000000  5768.000000  8.200000  4.700000  3.320000
604.000000  5767.000000  8.200000  4.700000  3.320000
605.000000  5766.000000  8.200000  4.700000  3.320000
606.000000  5765.000000  8.200000  4.700000  3.320000
607.000000  5764.000000  8.200000  4.700000  3.320000
608.000000  5763.000000  8.200000  4.700000  3.320000
609.000000  5762.000000  8.200000  4.700000  3.320000
610.000000  5761.000000  8.200000  4.700000  3.320000
611.000000  5760.000000  8.200000  4.700000  3.320000
612.000000  5759.000000  8.200000  4.700000  3.320000
613.000000  5758.000000  8.200000  4.700000  3.320000
614.000000  5757.000000  8.200000  4.700000  3.320000
615.000000  5756.000000  8.200000  4.700000  3.320000
616.000000  5755.000000  8.200000  4.700000  3.320000
617.000000  5754.000000  8.200000  4.700000  3.320000
618.000000  5753.000000  8.200000  4.700000  3.320000
619.000000  5752.000000  8.200000  4.700000  3.320000
620.000000  5751.000000  8.200000  4.700000  3.320000
621.000000  5750.000000  8.200000  4.700000  3.320000
622.000000  5749.000000  8.200000  4.700000  3.320000
623.000000  5748.000000  8.200000  4.700000  3.320000
624.000000  5747.000000  8.200000  4.700000  3.320000
625.000000  5746.000000  8.200000  4.700000  3.320000
626.000000  5745.000000  8.200000  4.700000  3.320000
627.000000  5744.000000  8.200000  4.700000  3.320000
628.000000  5743.000000  8.200000  4.700000  3.320000
629.000000  5742.000000  8.200000  4.700000  3.320000
630.000000  5741.000000  8.200000  4.700000  3.320000
631.000000  5740.000000  8.200000  4.700000  3.320000
632.000000  5739.000000  8.200000  4.700000  3.320000
633.000000  5738.000000  8.200000  4.700000  3.320000
634.000000  5737.000000  8.200000  4.700000  3.320000
635.000000  5736.000000  8.200000  4.700000  3.320000
636.000000  5735.000000  8.200000  4.700000  3.320000
637.000000  5734.000000  8.200000  4.700000  3.320000
638.000000  5733.000000  8.200000  4.700000  3.320000
639.000000  5732.000000  8.200000  4.700000  3.320000
640.000000  5731.000000  8.200000  4.700000  3.320000
641.000000  5730.000000  8.200000  4.700000  3.320000
642.000000  5729.000000  8.200000  4.700000  3.320000
643.000000  5728.000000  8.200000  4.700000  3.320000
644.000000  5727.000000  8.200000  4.700000  3.320000
645.000000  5726.000000  8.200000  4.700000  3.320000
646.000000  5725.000000  8.200000  4.700000  3.320000
647.000000  5724.000000  8.200000  4.700000  3.320000
648.000000  5723.000000  8.200000  4.700000  3.320000
649.000000  5722.000000  8.200000  4.700000  3.320000
6371.000000  0.000000  8.200000  4.700000  3.320000
